3006946827.jpg Apple 1 79 17 444 310 
3065654531.jpg Apple 1 84 134 252 366 
3190306185.jpg Apple 1 321 257 373 299 
3261774945.jpg Apple 1 64 20 397 231 
3733440395.jpg Apple 1 12 127 74 196 
3733440395.jpg Apple 1 41 62 143 162 
3733440395.jpg Apple 1 80 5 206 106 
3733440395.jpg Apple 1 186 155 227 200 
3733440395.jpg Apple 1 225 155 252 184 
3733440395.jpg Apple 1 227 248 262 278 
3733440395.jpg Apple 1 229 201 262 234 
3733440395.jpg Apple 1 247 227 270 254 
3733440395.jpg Apple 1 252 191 275 213 
3733440395.jpg Apple 1 253 301 280 323 
3733440395.jpg Apple 1 276 290 292 304 
3733440395.jpg Apple 1 283 269 302 284 
3733440395.jpg Apple 1 284 10 316 45 
3733440395.jpg Apple 1 287 307 314 325 
3733440395.jpg Apple 1 297 291 312 309 
3733440395.jpg Apple 1 304 277 321 292 
3733440395.jpg Apple 1 309 297 326 312 
3733440395.jpg Apple 1 325 240 346 264 
3733440395.jpg Apple 1 329 299 351 319 
3733440395.jpg Apple 1 334 65 361 99 
3733440395.jpg Apple 1 350 232 379 256 
3733440395.jpg Apple 1 356 58 389 80 
3733440395.jpg Apple 1 371 280 396 308 
3733440395.jpg Apple 1 395 291 423 313 
3733440395.jpg Apple 1 406 159 419 172 
3733440395.jpg Apple 1 438 276 462 317 
2401584750.jpg Apple 2 107 18 390 335 
299768792.jpg Apple 2 126 68 415 260 
3023420658.jpg Apple 2 171 115 298 237 
4210274024.jpg Apple 2 143 13 384 224 
442337651.jpg Apple 2 178 60 324 193 
3006946827.jpg Apple 2 79 17 444 310 
3065654531.jpg Apple 2 84 134 252 366 
3190306185.jpg Apple 2 321 257 373 299 
3261774945.jpg Apple 2 64 20 397 231 
3733440395.jpg Apple 2 12 127 74 196 
3733440395.jpg Apple 2 41 62 143 162 
3733440395.jpg Apple 2 80 5 206 106 
3733440395.jpg Apple 2 186 155 227 200 
3733440395.jpg Apple 2 225 155 252 184 
3733440395.jpg Apple 2 227 248 262 278 
3733440395.jpg Apple 2 229 201 262 234 
3733440395.jpg Apple 2 247 227 270 254 
3733440395.jpg Apple 2 252 191 275 213 
3733440395.jpg Apple 2 253 301 280 323 
3733440395.jpg Apple 2 276 290 292 304 
3733440395.jpg Apple 2 283 269 302 284 
3733440395.jpg Apple 2 284 10 316 45 
3733440395.jpg Apple 2 287 307 314 325 
3733440395.jpg Apple 2 297 291 312 309 
3733440395.jpg Apple 2 304 277 321 292 
3733440395.jpg Apple 2 309 297 326 312 
3733440395.jpg Apple 2 325 240 346 264 
3733440395.jpg Apple 2 329 299 351 319 
3733440395.jpg Apple 2 334 65 361 99 
3733440395.jpg Apple 2 350 232 379 256 
3733440395.jpg Apple 2 356 58 389 80 
3733440395.jpg Apple 2 371 280 396 308 
3733440395.jpg Apple 2 395 291 423 313 
3733440395.jpg Apple 2 406 159 419 172 
3733440395.jpg Apple 2 438 276 462 317 
2274089022.jpg Apple 3 178 47 313 244 
4181108300.jpg Apple 3 152 271 170 292 
418635708.jpg Apple 3 4 5 176 207 
4211723460.jpg Apple 3 130 208 187 273 
4749057567.jpg Apple 3 41 19 468 432 
2401584750.jpg Apple 3 107 18 390 335 
299768792.jpg Apple 3 126 68 415 260 
3023420658.jpg Apple 3 171 115 298 237 
4210274024.jpg Apple 3 143 13 384 224 
442337651.jpg Apple 3 178 60 324 193 
3006946827.jpg Apple 3 79 17 444 310 
3065654531.jpg Apple 3 84 134 252 366 
3190306185.jpg Apple 3 321 257 373 299 
3261774945.jpg Apple 3 64 20 397 231 
3733440395.jpg Apple 3 12 127 74 196 
3733440395.jpg Apple 3 41 62 143 162 
3733440395.jpg Apple 3 80 5 206 106 
3733440395.jpg Apple 3 186 155 227 200 
3733440395.jpg Apple 3 225 155 252 184 
3733440395.jpg Apple 3 227 248 262 278 
3733440395.jpg Apple 3 229 201 262 234 
3733440395.jpg Apple 3 247 227 270 254 
3733440395.jpg Apple 3 252 191 275 213 
3733440395.jpg Apple 3 253 301 280 323 
3733440395.jpg Apple 3 276 290 292 304 
3733440395.jpg Apple 3 283 269 302 284 
3733440395.jpg Apple 3 284 10 316 45 
3733440395.jpg Apple 3 287 307 314 325 
3733440395.jpg Apple 3 297 291 312 309 
3733440395.jpg Apple 3 304 277 321 292 
3733440395.jpg Apple 3 309 297 326 312 
3733440395.jpg Apple 3 325 240 346 264 
3733440395.jpg Apple 3 329 299 351 319 
3733440395.jpg Apple 3 334 65 361 99 
3733440395.jpg Apple 3 350 232 379 256 
3733440395.jpg Apple 3 356 58 389 80 
3733440395.jpg Apple 3 371 280 396 308 
3733440395.jpg Apple 3 395 291 423 313 
3733440395.jpg Apple 3 406 159 419 172 
3733440395.jpg Apple 3 438 276 462 317 
2425891764.jpg Apple 4 6 6 450 498 
339296129.jpg Apple 4 106 56 400 273 
3513049256.jpg Apple 4 179 65 304 206 
3766774652.jpg Apple 4 86 41 400 254 
4211723816.jpg Apple 4 110 157 175 229 
2274089022.jpg Apple 4 178 47 313 244 
4181108300.jpg Apple 4 152 271 170 292 
418635708.jpg Apple 4 4 5 176 207 
4211723460.jpg Apple 4 130 208 187 273 
4749057567.jpg Apple 4 41 19 468 432 
2401584750.jpg Apple 4 107 18 390 335 
299768792.jpg Apple 4 126 68 415 260 
3023420658.jpg Apple 4 171 115 298 237 
4210274024.jpg Apple 4 143 13 384 224 
442337651.jpg Apple 4 178 60 324 193 
3006946827.jpg Apple 4 79 17 444 310 
3065654531.jpg Apple 4 84 134 252 366 
3190306185.jpg Apple 4 321 257 373 299 
3261774945.jpg Apple 4 64 20 397 231 
3733440395.jpg Apple 4 12 127 74 196 
3733440395.jpg Apple 4 41 62 143 162 
3733440395.jpg Apple 4 80 5 206 106 
3733440395.jpg Apple 4 186 155 227 200 
3733440395.jpg Apple 4 225 155 252 184 
3733440395.jpg Apple 4 227 248 262 278 
3733440395.jpg Apple 4 229 201 262 234 
3733440395.jpg Apple 4 247 227 270 254 
3733440395.jpg Apple 4 252 191 275 213 
3733440395.jpg Apple 4 253 301 280 323 
3733440395.jpg Apple 4 276 290 292 304 
3733440395.jpg Apple 4 283 269 302 284 
3733440395.jpg Apple 4 284 10 316 45 
3733440395.jpg Apple 4 287 307 314 325 
3733440395.jpg Apple 4 297 291 312 309 
3733440395.jpg Apple 4 304 277 321 292 
3733440395.jpg Apple 4 309 297 326 312 
3733440395.jpg Apple 4 325 240 346 264 
3733440395.jpg Apple 4 329 299 351 319 
3733440395.jpg Apple 4 334 65 361 99 
3733440395.jpg Apple 4 350 232 379 256 
3733440395.jpg Apple 4 356 58 389 80 
3733440395.jpg Apple 4 371 280 396 308 
3733440395.jpg Apple 4 395 291 423 313 
3733440395.jpg Apple 4 406 159 419 172 
3733440395.jpg Apple 4 438 276 462 317 
2270013615.jpg Apple 5 335 80 489 256 
2795236586.jpg Apple 5 183 131 312 262 
3187422169.jpg Apple 5 112 289 225 407 
3652933741.jpg Apple 5 109 64 393 325 
470289641.jpg Apple 5 133 108 188 162 
470289641.jpg Apple 5 145 357 195 411 
2425891764.jpg Apple 5 6 6 450 498 
339296129.jpg Apple 5 106 56 400 273 
3513049256.jpg Apple 5 179 65 304 206 
3766774652.jpg Apple 5 86 41 400 254 
4211723816.jpg Apple 5 110 157 175 229 
2274089022.jpg Apple 5 178 47 313 244 
4181108300.jpg Apple 5 152 271 170 292 
418635708.jpg Apple 5 4 5 176 207 
4211723460.jpg Apple 5 130 208 187 273 
4749057567.jpg Apple 5 41 19 468 432 
2401584750.jpg Apple 5 107 18 390 335 
299768792.jpg Apple 5 126 68 415 260 
3023420658.jpg Apple 5 171 115 298 237 
4210274024.jpg Apple 5 143 13 384 224 
442337651.jpg Apple 5 178 60 324 193 
3006946827.jpg Apple 5 79 17 444 310 
3065654531.jpg Apple 5 84 134 252 366 
3190306185.jpg Apple 5 321 257 373 299 
3261774945.jpg Apple 5 64 20 397 231 
3733440395.jpg Apple 5 12 127 74 196 
3733440395.jpg Apple 5 41 62 143 162 
3733440395.jpg Apple 5 80 5 206 106 
3733440395.jpg Apple 5 186 155 227 200 
3733440395.jpg Apple 5 225 155 252 184 
3733440395.jpg Apple 5 227 248 262 278 
3733440395.jpg Apple 5 229 201 262 234 
3733440395.jpg Apple 5 247 227 270 254 
3733440395.jpg Apple 5 252 191 275 213 
3733440395.jpg Apple 5 253 301 280 323 
3733440395.jpg Apple 5 276 290 292 304 
3733440395.jpg Apple 5 283 269 302 284 
3733440395.jpg Apple 5 284 10 316 45 
3733440395.jpg Apple 5 287 307 314 325 
3733440395.jpg Apple 5 297 291 312 309 
3733440395.jpg Apple 5 304 277 321 292 
3733440395.jpg Apple 5 309 297 326 312 
3733440395.jpg Apple 5 325 240 346 264 
3733440395.jpg Apple 5 329 299 351 319 
3733440395.jpg Apple 5 334 65 361 99 
3733440395.jpg Apple 5 350 232 379 256 
3733440395.jpg Apple 5 356 58 389 80 
3733440395.jpg Apple 5 371 280 396 308 
3733440395.jpg Apple 5 395 291 423 313 
3733440395.jpg Apple 5 406 159 419 172 
3733440395.jpg Apple 5 438 276 462 317 
236248972.jpg Apple 6 205 118 292 231 
2583801040.jpg Apple 6 85 10 472 296 
3125626922.jpg Apple 6 181 94 337 238 
354643240.jpg Apple 6 36 29 265 237 
4211723698.jpg Apple 6 14 112 120 351 
2270013615.jpg Apple 6 335 80 489 256 
2795236586.jpg Apple 6 183 131 312 262 
3187422169.jpg Apple 6 112 289 225 407 
3652933741.jpg Apple 6 109 64 393 325 
470289641.jpg Apple 6 133 108 188 162 
470289641.jpg Apple 6 145 357 195 411 
2425891764.jpg Apple 6 6 6 450 498 
339296129.jpg Apple 6 106 56 400 273 
3513049256.jpg Apple 6 179 65 304 206 
3766774652.jpg Apple 6 86 41 400 254 
4211723816.jpg Apple 6 110 157 175 229 
2274089022.jpg Apple 6 178 47 313 244 
4181108300.jpg Apple 6 152 271 170 292 
418635708.jpg Apple 6 4 5 176 207 
4211723460.jpg Apple 6 130 208 187 273 
4749057567.jpg Apple 6 41 19 468 432 
2401584750.jpg Apple 6 107 18 390 335 
299768792.jpg Apple 6 126 68 415 260 
3023420658.jpg Apple 6 171 115 298 237 
4210274024.jpg Apple 6 143 13 384 224 
442337651.jpg Apple 6 178 60 324 193 
3006946827.jpg Apple 6 79 17 444 310 
3065654531.jpg Apple 6 84 134 252 366 
3190306185.jpg Apple 6 321 257 373 299 
3261774945.jpg Apple 6 64 20 397 231 
3733440395.jpg Apple 6 12 127 74 196 
3733440395.jpg Apple 6 41 62 143 162 
3733440395.jpg Apple 6 80 5 206 106 
3733440395.jpg Apple 6 186 155 227 200 
3733440395.jpg Apple 6 225 155 252 184 
3733440395.jpg Apple 6 227 248 262 278 
3733440395.jpg Apple 6 229 201 262 234 
3733440395.jpg Apple 6 247 227 270 254 
3733440395.jpg Apple 6 252 191 275 213 
3733440395.jpg Apple 6 253 301 280 323 
3733440395.jpg Apple 6 276 290 292 304 
3733440395.jpg Apple 6 283 269 302 284 
3733440395.jpg Apple 6 284 10 316 45 
3733440395.jpg Apple 6 287 307 314 325 
3733440395.jpg Apple 6 297 291 312 309 
3733440395.jpg Apple 6 304 277 321 292 
3733440395.jpg Apple 6 309 297 326 312 
3733440395.jpg Apple 6 325 240 346 264 
3733440395.jpg Apple 6 329 299 351 319 
3733440395.jpg Apple 6 334 65 361 99 
3733440395.jpg Apple 6 350 232 379 256 
3733440395.jpg Apple 6 356 58 389 80 
3733440395.jpg Apple 6 371 280 396 308 
3733440395.jpg Apple 6 395 291 423 313 
3733440395.jpg Apple 6 406 159 419 172 
3733440395.jpg Apple 6 438 276 462 317 
2766150734.jpg Google 1 77 28 367 121 
310688144.jpg Google 1 2 3 273 105 
4582547214.jpg Google 1 11 4 473 173 
4583055527.jpg Google 1 135 64 388 153 
4583055527.jpg Google 1 138 173 271 224 
50302921.jpg Google 1 5 3 146 47 
2132909220.jpg Google 2 4 6 199 77 
2774437111.jpg Google 2 59 17 353 123 
2786523391.jpg Google 2 54 8 343 105 
2898435362.jpg Google 2 3 5 269 100 
4353886132.jpg Google 2 137 16 345 99 
2766150734.jpg Google 2 77 28 367 121 
310688144.jpg Google 2 2 3 273 105 
4582547214.jpg Google 2 11 4 473 173 
4583055527.jpg Google 2 135 64 388 153 
4583055527.jpg Google 2 138 173 271 224 
50302921.jpg Google 2 5 3 146 47 
2533950636.jpg Google 3 3 16 275 109 
2777121253.jpg Google 3 7 12 199 68 
2777758833.jpg Google 3 59 10 331 107 
3958261033.jpg Google 3 18 6 476 163 
4759888406.jpg Google 3 2 3 275 106 
2132909220.jpg Google 3 4 6 199 77 
2774437111.jpg Google 3 59 17 353 123 
2786523391.jpg Google 3 54 8 343 105 
2898435362.jpg Google 3 3 5 269 100 
4353886132.jpg Google 3 137 16 345 99 
2766150734.jpg Google 3 77 28 367 121 
310688144.jpg Google 3 2 3 273 105 
4582547214.jpg Google 3 11 4 473 173 
4583055527.jpg Google 3 135 64 388 153 
4583055527.jpg Google 3 138 173 271 224 
50302921.jpg Google 3 5 3 146 47 
2839448306.jpg Google 4 226 207 245 216 
3904333688.jpg Google 4 6 4 481 181 
4080113868.jpg Google 4 17 14 296 117 
428085258.jpg Google 4 42 116 457 270 
4493513795.jpg Google 4 130 114 350 201 
2533950636.jpg Google 4 3 16 275 109 
2777121253.jpg Google 4 7 12 199 68 
2777758833.jpg Google 4 59 10 331 107 
3958261033.jpg Google 4 18 6 476 163 
4759888406.jpg Google 4 2 3 275 106 
2132909220.jpg Google 4 4 6 199 77 
2774437111.jpg Google 4 59 17 353 123 
2786523391.jpg Google 4 54 8 343 105 
2898435362.jpg Google 4 3 5 269 100 
4353886132.jpg Google 4 137 16 345 99 
2766150734.jpg Google 4 77 28 367 121 
310688144.jpg Google 4 2 3 273 105 
4582547214.jpg Google 4 11 4 473 173 
4583055527.jpg Google 4 135 64 388 153 
4583055527.jpg Google 4 138 173 271 224 
50302921.jpg Google 4 5 3 146 47 
272645705.jpg Google 5 33 129 485 295 
2783736621.jpg Google 5 44 5 374 116 
3101679471.jpg Google 5 20 146 445 304 
3231215333.jpg Google 5 14 8 155 57 
3231215333.jpg Google 5 179 7 322 59 
3231215333.jpg Google 5 349 5 487 54 
3889420667.jpg Google 5 21 29 219 185 
3889420667.jpg Google 5 303 19 480 225 
2839448306.jpg Google 5 226 207 245 216 
3904333688.jpg Google 5 6 4 481 181 
4080113868.jpg Google 5 17 14 296 117 
428085258.jpg Google 5 42 116 457 270 
4493513795.jpg Google 5 130 114 350 201 
2533950636.jpg Google 5 3 16 275 109 
2777121253.jpg Google 5 7 12 199 68 
2777758833.jpg Google 5 59 10 331 107 
3958261033.jpg Google 5 18 6 476 163 
4759888406.jpg Google 5 2 3 275 106 
2132909220.jpg Google 5 4 6 199 77 
2774437111.jpg Google 5 59 17 353 123 
2786523391.jpg Google 5 54 8 343 105 
2898435362.jpg Google 5 3 5 269 100 
4353886132.jpg Google 5 137 16 345 99 
2766150734.jpg Google 5 77 28 367 121 
310688144.jpg Google 5 2 3 273 105 
4582547214.jpg Google 5 11 4 473 173 
4583055527.jpg Google 5 135 64 388 153 
4583055527.jpg Google 5 138 173 271 224 
50302921.jpg Google 5 5 3 146 47 
2762358474.jpg Google 6 15 13 309 92 
2777979668.jpg Google 6 3 7 269 95 
2780928833.jpg Google 6 61 27 343 135 
4582547170.jpg Google 6 16 11 497 196 
4584588907.jpg Google 6 109 10 378 112 
272645705.jpg Google 6 33 129 485 295 
2783736621.jpg Google 6 44 5 374 116 
3101679471.jpg Google 6 20 146 445 304 
3231215333.jpg Google 6 14 8 155 57 
3231215333.jpg Google 6 179 7 322 59 
3231215333.jpg Google 6 349 5 487 54 
3889420667.jpg Google 6 21 29 219 185 
3889420667.jpg Google 6 303 19 480 225 
2839448306.jpg Google 6 226 207 245 216 
3904333688.jpg Google 6 6 4 481 181 
4080113868.jpg Google 6 17 14 296 117 
428085258.jpg Google 6 42 116 457 270 
4493513795.jpg Google 6 130 114 350 201 
2533950636.jpg Google 6 3 16 275 109 
2777121253.jpg Google 6 7 12 199 68 
2777758833.jpg Google 6 59 10 331 107 
3958261033.jpg Google 6 18 6 476 163 
4759888406.jpg Google 6 2 3 275 106 
2132909220.jpg Google 6 4 6 199 77 
2774437111.jpg Google 6 59 17 353 123 
2786523391.jpg Google 6 54 8 343 105 
2898435362.jpg Google 6 3 5 269 100 
4353886132.jpg Google 6 137 16 345 99 
2766150734.jpg Google 6 77 28 367 121 
310688144.jpg Google 6 2 3 273 105 
4582547214.jpg Google 6 11 4 473 173 
4583055527.jpg Google 6 135 64 388 153 
4583055527.jpg Google 6 138 173 271 224 
50302921.jpg Google 6 5 3 146 47 
2256858637.jpg HP 1 177 105 304 190 
3204050952.jpg HP 1 118 105 365 275 
3496048941.jpg HP 1 415 195 458 239 
3734548574.jpg HP 1 355 233 380 250 
4453898896.jpg HP 1 20 45 84 89 
1263617360.jpg HP 2 3 5 69 56 
2675240640.jpg HP 2 241 168 269 191 
3283915433.jpg HP 2 132 155 370 346 
3496862594.jpg HP 2 424 212 476 257 
3734516894.jpg HP 2 200 246 276 293 
2256858637.jpg HP 2 177 105 304 190 
3204050952.jpg HP 2 118 105 365 275 
3496048941.jpg HP 2 415 195 458 239 
3734548574.jpg HP 2 355 233 380 250 
4453898896.jpg HP 2 20 45 84 89 
2675240646.jpg HP 3 222 195 253 217 
3201785057.jpg HP 3 61 146 142 218 
3496048421.jpg HP 3 248 104 290 142 
3496863144.jpg HP 3 120 212 154 234 
3655901349.jpg HP 3 118 159 168 198 
1263617360.jpg HP 3 3 5 69 56 
2675240640.jpg HP 3 241 168 269 191 
3283915433.jpg HP 3 132 155 370 346 
3496862594.jpg HP 3 424 212 476 257 
3734516894.jpg HP 3 200 246 276 293 
2256858637.jpg HP 3 177 105 304 190 
3204050952.jpg HP 3 118 105 365 275 
3496048941.jpg HP 3 415 195 458 239 
3734548574.jpg HP 3 355 233 380 250 
4453898896.jpg HP 3 20 45 84 89 
1492071424.jpg HP 4 224 129 257 152 
2729995962.jpg HP 4 171 87 366 214 
3250788579.jpg HP 4 6 7 336 336 
335747955.jpg HP 4 36 134 147 200 
335747955.jpg HP 4 50 142 118 196 
3930801475.jpg HP 4 214 57 435 283 
2675240646.jpg HP 4 222 195 253 217 
3201785057.jpg HP 4 61 146 142 218 
3496048421.jpg HP 4 248 104 290 142 
3496863144.jpg HP 4 120 212 154 234 
3655901349.jpg HP 4 118 159 168 198 
1263617360.jpg HP 4 3 5 69 56 
2675240640.jpg HP 4 241 168 269 191 
3283915433.jpg HP 4 132 155 370 346 
3496862594.jpg HP 4 424 212 476 257 
3734516894.jpg HP 4 200 246 276 293 
2256858637.jpg HP 4 177 105 304 190 
3204050952.jpg HP 4 118 105 365 275 
3496048941.jpg HP 4 415 195 458 239 
3734548574.jpg HP 4 355 233 380 250 
4453898896.jpg HP 4 20 45 84 89 
13455389.jpg HP 5 465 115 492 134 
2317967173.jpg HP 5 2 7 61 46 
335747797.jpg HP 5 301 219 353 257 
40394187.jpg HP 5 1 18 76 82 
468087631.jpg HP 5 113 154 156 200 
468087631.jpg HP 5 164 151 205 199 
1492071424.jpg HP 5 224 129 257 152 
2729995962.jpg HP 5 171 87 366 214 
3250788579.jpg HP 5 6 7 336 336 
335747955.jpg HP 5 36 134 147 200 
335747955.jpg HP 5 50 142 118 196 
3930801475.jpg HP 5 214 57 435 283 
2675240646.jpg HP 5 222 195 253 217 
3201785057.jpg HP 5 61 146 142 218 
3496048421.jpg HP 5 248 104 290 142 
3496863144.jpg HP 5 120 212 154 234 
3655901349.jpg HP 5 118 159 168 198 
1263617360.jpg HP 5 3 5 69 56 
2675240640.jpg HP 5 241 168 269 191 
3283915433.jpg HP 5 132 155 370 346 
3496862594.jpg HP 5 424 212 476 257 
3734516894.jpg HP 5 200 246 276 293 
2256858637.jpg HP 5 177 105 304 190 
3204050952.jpg HP 5 118 105 365 275 
3496048941.jpg HP 5 415 195 458 239 
3734548574.jpg HP 5 355 233 380 250 
4453898896.jpg HP 5 20 45 84 89 
3462654085.jpg HP 6 143 71 369 244 
3734587026.jpg HP 6 404 190 454 230 
4018954001.jpg HP 6 10 21 362 257 
4162862374.jpg HP 6 79 139 137 173 
4479087754.jpg HP 6 114 110 174 187 
4479087754.jpg HP 6 153 170 199 216 
13455389.jpg HP 6 465 115 492 134 
2317967173.jpg HP 6 2 7 61 46 
335747797.jpg HP 6 301 219 353 257 
40394187.jpg HP 6 1 18 76 82 
468087631.jpg HP 6 113 154 156 200 
468087631.jpg HP 6 164 151 205 199 
1492071424.jpg HP 6 224 129 257 152 
2729995962.jpg HP 6 171 87 366 214 
3250788579.jpg HP 6 6 7 336 336 
335747955.jpg HP 6 36 134 147 200 
335747955.jpg HP 6 50 142 118 196 
3930801475.jpg HP 6 214 57 435 283 
2675240646.jpg HP 6 222 195 253 217 
3201785057.jpg HP 6 61 146 142 218 
3496048421.jpg HP 6 248 104 290 142 
3496863144.jpg HP 6 120 212 154 234 
3655901349.jpg HP 6 118 159 168 198 
1263617360.jpg HP 6 3 5 69 56 
2675240640.jpg HP 6 241 168 269 191 
3283915433.jpg HP 6 132 155 370 346 
3496862594.jpg HP 6 424 212 476 257 
3734516894.jpg HP 6 200 246 276 293 
2256858637.jpg HP 6 177 105 304 190 
3204050952.jpg HP 6 118 105 365 275 
3496048941.jpg HP 6 415 195 458 239 
3734548574.jpg HP 6 355 233 380 250 
4453898896.jpg HP 6 20 45 84 89 
189568643.jpg Intel 1 268 192 458 306 
198509094.jpg Intel 1 352 5 431 53 
2407784266.jpg Intel 1 32 29 467 319 
4645582512.jpg Intel 1 363 7 488 110 
516366872.jpg Intel 1 79 31 346 191 
1925162720.jpg Intel 2 32 19 309 211 
2652633857.jpg Intel 2 0 0 450 300 
320803821.jpg Intel 2 85 44 479 352 
4600427219.jpg Intel 2 334 162 378 193 
79556016.jpg Intel 2 3 3 103 71 
189568643.jpg Intel 2 268 192 458 306 
198509094.jpg Intel 2 352 5 431 53 
2407784266.jpg Intel 2 32 29 467 319 
4645582512.jpg Intel 2 363 7 488 110 
516366872.jpg Intel 2 79 31 346 191 
1352999361.jpg Intel 3 190 171 484 361 
145116964.jpg Intel 3 154 182 246 228 
320803742.jpg Intel 3 105 112 437 333 
3767119813.jpg Intel 3 189 53 209 82 
3767119813.jpg Intel 3 204 140 245 166 
582467906.jpg Intel 3 71 24 386 277 
1925162720.jpg Intel 3 32 19 309 211 
2652633857.jpg Intel 3 0 0 450 300 
320803821.jpg Intel 3 85 44 479 352 
4600427219.jpg Intel 3 334 162 378 193 
79556016.jpg Intel 3 3 3 103 71 
189568643.jpg Intel 3 268 192 458 306 
198509094.jpg Intel 3 352 5 431 53 
2407784266.jpg Intel 3 32 29 467 319 
4645582512.jpg Intel 3 363 7 488 110 
516366872.jpg Intel 3 79 31 346 191 
2333110366.jpg Intel 4 15 18 238 160 
2364685038.jpg Intel 4 0 0 48 48 
2413159667.jpg Intel 4 167 13 322 159 
3675228207.jpg Intel 4 0 0 500 340 
3743856885.jpg Intel 4 5 186 322 394 
1352999361.jpg Intel 4 190 171 484 361 
145116964.jpg Intel 4 154 182 246 228 
320803742.jpg Intel 4 105 112 437 333 
3767119813.jpg Intel 4 189 53 209 82 
3767119813.jpg Intel 4 204 140 245 166 
582467906.jpg Intel 4 71 24 386 277 
1925162720.jpg Intel 4 32 19 309 211 
2652633857.jpg Intel 4 0 0 450 300 
320803821.jpg Intel 4 85 44 479 352 
4600427219.jpg Intel 4 334 162 378 193 
79556016.jpg Intel 4 3 3 103 71 
189568643.jpg Intel 4 268 192 458 306 
198509094.jpg Intel 4 352 5 431 53 
2407784266.jpg Intel 4 32 29 467 319 
4645582512.jpg Intel 4 363 7 488 110 
516366872.jpg Intel 4 79 31 346 191 
111389662.jpg Intel 5 49 87 296 264 
1833817340.jpg Intel 5 58 7 467 313 
2111299790.jpg Intel 5 247 136 348 212 
2921061781.jpg Intel 5 5 381 83 447 
2921061781.jpg Intel 5 8 4 89 59 
2921061781.jpg Intel 5 10 126 86 186 
2921061781.jpg Intel 5 11 255 84 314 
2921061781.jpg Intel 5 103 8 190 60 
2921061781.jpg Intel 5 112 255 189 318 
2921061781.jpg Intel 5 202 260 299 317 
2921061781.jpg Intel 5 309 259 393 316 
3330276462.jpg Intel 5 8 2 89 63 
2333110366.jpg Intel 5 15 18 238 160 
2364685038.jpg Intel 5 0 0 48 48 
2413159667.jpg Intel 5 167 13 322 159 
3675228207.jpg Intel 5 0 0 500 340 
3743856885.jpg Intel 5 5 186 322 394 
1352999361.jpg Intel 5 190 171 484 361 
145116964.jpg Intel 5 154 182 246 228 
320803742.jpg Intel 5 105 112 437 333 
3767119813.jpg Intel 5 189 53 209 82 
3767119813.jpg Intel 5 204 140 245 166 
582467906.jpg Intel 5 71 24 386 277 
1925162720.jpg Intel 5 32 19 309 211 
2652633857.jpg Intel 5 0 0 450 300 
320803821.jpg Intel 5 85 44 479 352 
4600427219.jpg Intel 5 334 162 378 193 
79556016.jpg Intel 5 3 3 103 71 
189568643.jpg Intel 5 268 192 458 306 
198509094.jpg Intel 5 352 5 431 53 
2407784266.jpg Intel 5 32 29 467 319 
4645582512.jpg Intel 5 363 7 488 110 
516366872.jpg Intel 5 79 31 346 191 
153237185.jpg Intel 6 73 211 207 300 
2318775604.jpg Intel 6 0 0 127 51 
2868736304.jpg Intel 6 10 17 282 197 
413894023.jpg Intel 6 80 85 371 271 
4721737396.jpg Intel 6 170 50 257 104 
111389662.jpg Intel 6 49 87 296 264 
1833817340.jpg Intel 6 58 7 467 313 
2111299790.jpg Intel 6 247 136 348 212 
2921061781.jpg Intel 6 5 381 83 447 
2921061781.jpg Intel 6 8 4 89 59 
2921061781.jpg Intel 6 10 126 86 186 
2921061781.jpg Intel 6 11 255 84 314 
2921061781.jpg Intel 6 103 8 190 60 
2921061781.jpg Intel 6 112 255 189 318 
2921061781.jpg Intel 6 202 260 299 317 
2921061781.jpg Intel 6 309 259 393 316 
3330276462.jpg Intel 6 8 2 89 63 
2333110366.jpg Intel 6 15 18 238 160 
2364685038.jpg Intel 6 0 0 48 48 
2413159667.jpg Intel 6 167 13 322 159 
3675228207.jpg Intel 6 0 0 500 340 
3743856885.jpg Intel 6 5 186 322 394 
1352999361.jpg Intel 6 190 171 484 361 
145116964.jpg Intel 6 154 182 246 228 
320803742.jpg Intel 6 105 112 437 333 
3767119813.jpg Intel 6 189 53 209 82 
3767119813.jpg Intel 6 204 140 245 166 
582467906.jpg Intel 6 71 24 386 277 
1925162720.jpg Intel 6 32 19 309 211 
2652633857.jpg Intel 6 0 0 450 300 
320803821.jpg Intel 6 85 44 479 352 
4600427219.jpg Intel 6 334 162 378 193 
79556016.jpg Intel 6 3 3 103 71 
189568643.jpg Intel 6 268 192 458 306 
198509094.jpg Intel 6 352 5 431 53 
2407784266.jpg Intel 6 32 29 467 319 
4645582512.jpg Intel 6 363 7 488 110 
516366872.jpg Intel 6 79 31 346 191 
